y = mx+ q
m = 1360.16 +- 0.0552092 ch/ns
q = 3935.02 +- 0.989793 ch